[app/ui]
version = 7.1.2
modtime = 1533959161.453076000

[app/launcher]
version = 7.1.2
modtime = 1533959161.472898000
