[macros/AttackMap%284%29]
version = 7.0.2
modtime = 1535024216.896487200

[savedsearches/attack_threat_map_search]
version = 7.0.2
modtime = 1535024301.242594600
